/var/www/videos_originais/Sintel/ sintelV sintel_video.mp4 /dados/www/datasets/dataset6/ 
200 680 430
260 680 430
320 680 430
380 680 430
440 680 430
500 680 430
560 680 430
620 680 430
680 680 430
740 680 430
800 680 430
860 680 430
920 680 430
980 680 430
1040 680 430
1100 680 430
1160 680 430
1220 680 430
1280 680 430
1340 680 430
1400 680 430
1460 680 430
1520 680 430
1580 680 430
1640 680 430
1700 680 430
1760 680 430
1820 680 430
1880 680 430
1940 680 430
2000 680 430
2060 680 430
2120 680 430
2180 680 430
2240 680 430
2300 680 430
2360 680 430
2420 680 430
2480 680 430
2540 680 430
2600 680 430
2660 680 430
2720 680 430
2780 680 430
2840 680 430
2900 680 430 